5041950000138616
5041950000143368
5041950000149845
5610661142659804
5610661198309809
5610661201290202
5610661205063001
5610661221659006
5610661249539404
5610661264493008
5610661266902204
5610661318785805
5610661330153008
5610661341403400
5610661360101208
5610661362189607
5610661366261808
5610661369152806
5610661377557202
5610661386506604
5610661403806805
5610661412825200
5610661422767202
5610661426524203
5610661426980207
5610661443103403
5610661449761204
5610661464543206
5610661466404605
5610661467257408
5610661475238200
5610661490024809
5610661492773205
5610661500609201
5610661524066206
5610661525431201
5610661531805604
5610661531965804
5610661538671801
5610661539817007
5610661546978008
5610661547576603
5610661550835805
5610661557158201
5610661558349601
5610661560101800
5610661563360403
5610661565190600
5610661566039004
5610661567203609
5610661570733204
5610661575211008
5610661576015804
5610661578592602
5813390010061357
5813390011855377
5813390013179446
5813390013613782
5813390013649190
5813390015072888
5813390015215537
5813390015273429
5813390015292320
5813390015459424
5813390015903546
5813390016233919
5813390016427354
5813390016494495
5813390017916058
5813390017927535
5813390018007683
5813390018200510
5813390018337163
5813390018343328
5813390018606716
5813390018716697
5813390018953340
5813390019111617
5813390019224261
5813390019233460
5813390019495424
5813390019522631
5813390019530113
5813390019671263
5813390019946129
5813390019975789
5813390020000221
5813390020031119
5813390020090479
5813390020180627
5813390020198041
5813390020207800
5813390020211158
5813390020256302
5813390020258878
5813390020265949
5813390020299542
5813390020316262
5813390020337946
5813390020389855
5813390020419520
5813390020428893
5813390020445293
5813390020510765
5813390020563962
5813390020716230
5813390020774726
5813390020780939
5813390020826500
5813390020869823
5813390020870573
5813390020889391
5813390020950839
5813390020993375
5813390021005021
5813390021013199
5813390021028536
5813390021056099
5813390021115630
5813390021127635
5813390021171591
5813390021188439
5813390021189874
5813390021313003
5813390021322095
5813390021322228
5813390021374369
5813390021409496
5813390021411682
5813390021417549
5813390021431490
5813390021697835
5813390021728978
5813390021736922
5813390021758702
5813390021773057
5813390021947123
5813390021956256
5813390021958211
5813390021992814
5813390021993630
5813390021994042
5813390021994729
5813390022008057
5813390022009469
5813390022123732
5813390022268388
5813390022508726
5813390022536834
5813390022541974
5813390022581608
5813390022583125
5813390022623079
5813390022750591
5813390022751409
5813390022752621
5813390022752696
5813390022864129
5813530025103211
5813530025179419
5813530026231011
5813530027711425
5813530029160613
5813530029847425
5813530033115918
5813530034649816
5813530035496613
5813530035870817
5813530038392413
5813530039706512
5813530042125510
5813530042540411
5813530045651918
5813530045747815
5813530048602215
5813530049250113
5813530051062315
5813530051256016
5813530052993310
5813530053654416
5813530054229713
5813530054606217
5813530054706710
5813530056702618
5813530057141816
5813530057194518
5813530061520716
5813530062537115
5813530064871116
5813530065032916
5813530065565519
5813530065597314
5813530066179815
5813530067038911
5813530069259317
5813530069605618
5813530070729811
5813530070945615
5813530072989413
5813530074090616
5813530076501917
5813530077176719
5813530080612312
5813530080628219
5813530081300511
5813530082125511
5813530082823016
5813530083056111
5813530084156316
5813530084695719
5813530085048512
5813530085258814
5813530086547918
5813530086551712
5813530086659713
5813530087749711
5813530087942217
5813530088021219
5813530088332616
5813530088337110
5813530088467610
5813530088942711
5813530089323010
5813530090091416
5813530090622012
5813530091001919
5813530091383713
5813530091991119
5813530092492513
5813530092545310
5813530092597519
5813530092646019
5813530093110510
5813530093124016
5813530093393413
5813530093717611
5813530093904516
5813530093988212
5813530094327816
5813530094376318
5813530094555614
5813530094573914
5813530094733518
5813530094825512
5813530095024917
5813530095229219
5813530096044419
5813530096412111
5813530096647914
5813530097031316
5813530097251419
5813530097319216
5813530097779716
5813530098166913
5813530098387113
5813530098442710
5813530098627419
5813530098936117
5813530099097919
5813530099284210
5813530099292114
5813530099886014
5813530100013616
5813530100843418
5813530101129619
5813530101154211
5813530101817718
5813530102115112
5813530102395110
5813530102423219
5813530102479617
5813530102672013
5813530102675016
5813530102686211
5813530102796218
5813530103277515
5813530103280519
5813530103383917
5813530103439115
5813530103468619
5813530103829117
5813530103929917
5813530103991115
5813530104200615
5813530104243110
5813530104386711
5813530104482114
5813530104509619
5813530104639812
5813530104769015
5813530104835113
5813530104864618
5813530104970019
5813530105041414
5813530105047718
5813530105135216
5813530105233011
5813530105273314
5813530105550919
5813530105815619
5813530105873311
5813530105874814
5813530105934014
5813530106229018
5813530106348818
5813530106349113
5813530106573712
5813530106601018
5813530106615612
5813530106673819
5813530107384010
5813530107722912
5813530108070816
5813530108076912
5813530108092711
5813530108105414
5813530108154719
5813530108397417
5813530108978117
5813530109729311
5813530109740417
5813530109772014
5813530112198314
5813530112293214
5813530112294311
5813530112458718
5813530112629714
5813530114103213
5813530114112917
5813530114220116
5813530114284815
5813530114677117
5813530114992011
5813530115072110
5813530115323919
5813530115657613
5813530115667919
5813530116012719
5813530116195613
5813530116201718
5813530116204613
5813530116410913
5813530116653819
5813530118336512
5813530118496019
5813530118518317
5813530119885418
5813530119992214
5813530119996215
5813530120342516
5813530120364817
5813530121063715
5813530124739519
5816260007343844
5816260007354031
5816260007620167
5816260007781357
5816260007781449
5816260007785390
5816260007860862
5816260007875423
5816260007893699
5816260007915039
5816260007968475
5818090130162706
5818090130215702
5818090210061364
5818090210076545
5818090210078640
5818090532862929
5818090532907500
5818090532925908
5818090532953124
5818090661060964
5818091190797209
5818091190805424
5818091190825505
5818091524459971
5818091662083252
5833590040151146
5833590040155972
5833590040893036
5833591170000681
5833591174007385
5833591174035899
5833591260074737
5833591390878718
5833594560040408
5833594560078788
5833594560080826
5833594560091484
5833594560118352
5833594560122420
5833594560264164
5833594569073319
5833594569082518
5833594569363108
5858311000167018
5858311000206691
4506445288032186
4506446018223111
4519011180724612
4519011232696313
4519011249497283
4519016396891576
4519018625818164
4519018962522775
4519019045035132
4519019484979204
4519019633712241
4519019879356570
4520010033463326
4536058023198107
5007660725321767
5181271038896053
5191230116959819
5316353610143621
5316353980127329
5610661465398808
5821630018050393
5821630042029140
5821630187152020
5821630472164748
5821630477707525
5821630478198443
5821630478355704
5821630690329065
6018871020102324
6018871044575547
6018871044768043
6018871045458842
6018871047066841
6294430010182666
6294430010571074
6294430470007890
6294430470060741
6294430470167249
6294430870504785
6294430950007865
373282462951008
4500030001007644
4500030001566458
4500030102186206
4500030110580697
4500033600400442
4500037100396257
4500618574961013
4504400000939772
4504400004105719
4504400005727560
4504400017880324
4505500025345431
4505530025326131
4505530064963687
4505540435462012
4506445131884155
4506445215398403
4506445222847129
4506445232006013
4506445253568354
4506445267646212
4506445269916340
4506445270503640
4506445272443670
4506445274636099
4506445279507949
4506445283232997
4506445283264792
4506445287063091
4506445287469348
4506445291711354
4506445296517145
4506445298790633
4506445299381473
4506445636955724
4506445638751063
4506445638910644
4506445638920619
4506446018223111
4506446018786869
4506446021003997
4506446022432369
4506446023237668
4506446460923549
4510140503290925
4510155018714185
4510157600579141
4510158301626850
4510158401788675
4512120012024179
4512238011061891
4512238500471759
4512238761258531
4514011600835977
4514011602239210
4514011602268615
4514011605211604
4514078525364722
4516070002575035
4519011188269164
4519011190135551
4519011209735243
4519011246467040
4519011288999603
4519011298182588
4519011324249203
4519011330472740
4519012038170446
4519012039248571
4519013001459766
4519013550209000
4519018638085728
4519018656246475
4519018676712324
4519018768169276
4519018913301519
4519019041499605
4519019134962386
4519019213234087
4519019216906327
4519019227277973
4519019267343024
4519019333369193
4519019338975713
4519019382625404
4519019394849372
4519019422803060
4519019428612879
4519019429658806
4519019433422611
4519019435562257
4519019455664959
4519019463831715
4519019477461376
4519019498396668
4519019514537527
4519019573766017
4519019583445586
4519019606893135
4519019690547746
4519019714095375
4519019776030187
4519019795839113
4519019802204467
4519019844167193
4519019860245378
4519019889800336
4519019899420653
4519025226833179
4519027891755109
4519028403152876
4520018008951860
4520020000499732
4520050021930357
4520340033319321
4520340034562473
4520340036097056
4520850002737220
4520850013287025
4520880000189074
4520880013117989
4536057446849106
4536057446861200
4536057447147203
4536057484725507
4536057484784801
4536057659283605
4536057678314902
4536057720269104
4536057787907703
4536057891105806
4536057920827404
4536057925640307
4536057943268008
4536057952568603
4536057956708403
4536057965705200
4536058017810402
4536058024540208
4536058024544705
4536058032771704
4536058033024400
4536079422602507
4551210045172483
4551210060156635
4715360001331715
5007660614239153
5007660680566661
5007660692799904
5007660710919062
5007660712075020
5007660721386582
5007660727400155
5007660728667364
5007660733606985
5007660736182026
5148793980026928
5181271005892093
5181271006616343
5181271006829730
5181271032999366
5181271033929222
5181271035261558
5181271076624011
5191230025948689
5191230049759344
5191230079740826
5191230091042771
5191230094677219
5191230122857551
5191230123476294
5191230130257265
5191230135098045
5191230136522928
5191230136622249
5191230145136256
5191230145335403
5191230145536745
5228790016144280
5258935910005086
5316323660013958
5316323980045367
5316353610138829
5316353930006789
5316353980144936
5446120015163980
5446122390125790
5446122815159937
5452420864486891
5457569254199699
5491397368553421
5491980453963512
5491980829503117
5491980905928998
5491981263927085
5821630012240214
5821630012260329
5821630012518494
5821630042004390
5821630072001035
5821630072005754
5821630072016405
5821630077229086
5821630077280824
5821630187089693
5821630197360118
5821630197361785
5821630197376106
5821630400070397
5821630457028678
5821630457038172
5821630470992041
5821630472018209
5821630472090372
5821630472122613
5821630477696496
5821630477789929
5821630477826069
5821630478102486
5821630878033901
5821631050629870
5821631297409961
6018871000891979
6018871012098514
6018871016305949
6018871019496513
6018871023341028
6018871026422494
6018871027400846
6018871031319966
6018871044570522
6018871044854074
6294430010030568
6294430010046564
6294430010157262
6294430010223346
6294430010241496
6294430010304146
6294430010387851
6294430010420462
6294430010473842
6294430010656867
6294430010715440
6294430010748250
6294430030060017
6294430080266027
6294430080277057
6294430080294482
6294430090041071
6294430100037275
6294430140024192
6294430192005479
6294430192519628
6294430330021131
6294430470011223
6294430470023574
6294430470024838
6294430470045809
6294430470045833
6294430470046401
6294430470049751
6294430470062879
6294430470085946
6294430470106304
6294430470107104
6294430690001814
6294430690073755
6294470780002140
4500030103423095
4500030109042311
4506445235392188
4506445260818008
4506445261550360
4506445276293949
4506445286241912
4506445289521690
4506446014007831
4510155012638315
4512709006621014
4514011602517292
4514076537568959
4514093604288874
4519012039348314
4519012754735851
4519018687663128
4519018741277071
4519019163554310
4519019169845944
4519019191630892
4519019225767645
4519019298103074
4519019505830543
4519019729926556
4519019870246507
4520830003458752
4536057603809109
4536057719621000
4536057868474409
4537331138534014
5007660675181625
5007660695367246
5007660735529474
5181271016576925
5181271034699998
5191230098846208
5191230114601744
5191230131721541
5191230139692272
5316324270024849
5446120055336579
5446120058373835
5491981263927085
5821630077285823
5821630130200793
5821630197226376
5821630197365190
5821630450025523
5821630457042257
5821630472001379
5821630477994222
5821630478328644
5821630478335268
5821630478360357
5821631770270617
6018871022256763
6018871028097591
6018871029020253
6018871037286052
6294430010304146
6294430010591866
6294430030060454
6294430100000984
6294430470047441
6294430470090201
6294470780002785
4127680000419100
4500030101946048
4500030102019597
4500030105888162
4500030110576893
4500037100185817
4500600106016565
4500608490491013
4504459857683016
4505530066328483
4506445134878485
4506445229223852
4506445238794075
4506445253251225
4506445253451759
4506445267752655
4506445268570601
4506445273228930
4506445289896928
4506445291681391
4506445292110382
4506445292110580
4506445292112040
4506445298492453
4506446018223079
4506446018223111
4506446020815334
4506446022315085
4510140009291096
4510155017942415
4510158301163482
4510294020095752
4514011602635664
4514011603907666
4514093604288874
4519011175107682
4519011272645477
4519011344832392
4519012039369682
4519012752404229
4519012753914317
4519012757421954
4519014010679212
4519014012875032
4519014014656125
4519016683608113
4519017580349389
4519018649343512
4519018656246475
4519018714291067
4519018751559962
4519018922837719
4519018968465326
4519018982338046
4519019103510489
4519019175627617
4519019221366509
4519019300846520
4519019302039306
4519019333505309
4519019361556059
4519019374197941
4519019380765442
4519019446911790
4519019447080645
4519019467559239
4519019469010710
4519019536489129
4519019536850213
4519019584605295
4519019605882832
4519019685626299
4519019702621190
4519019801015138
4519019807560277
4519019809531292
4519019833969120
4519019839883952
4519019872280389
4519028049922799
4519036928919638
4520058004010238
4520838001801964
4520850002737220
4520858000715262
4520880013345218
4536057447729208
4536057447758405
4536057547983408
4536057579668802
4536057598784309
4536057719657509
4536057889990300
4536057907810704
4536057911572803
4536057955866608
4536058011555805
4536058017801500
4536058024537600
4536058024702204
4536058055585502
4551210032504227
4551210060306362
4737023995556788
5007660607035436
5007660669115498
5007660673924125
5007660679879810
5007660697329202
5007660698018473
5007660705753856
5007660709168499
5007660712785719
5007660730633933
5007660732828465
5007660735529995
5148793980028403
5181271029829071
5181271030497025
5181271031408872
5181271094106827
5191230010943026
5191230084104133
5191230085468461
5191230106038293
5191230127279744
5191230131301625
5191230143336064
5191230144204287
5191230146826335
5307852236843002
5316321730003926
5316323660025366
5316324270024849
5316353980139522
5316354140001974
5446122600375300
5446122781360840
5457495013449763
5491981263927085
5524890000101121
5821630012238168
5821630012512059
5821630027179712
5821630070372859
5821630070417597
5821630070463211
5821630072005499
5821630072006554
5821630072015639
5821630077240224
5821630130207707
5821630167724145
5821630167755339
5821630197175334
5821630197232952
5821630197330145
5821630197353485
5821630197376106
5821630197432149
5821630227039013
5821630227042173
5821630472168731
5821630478084254
5821630478260847
5821630478318496
5821630478318512
5821630478360357
5821630478365018
5821630780508941
5821630780546180
5821630780644654
5821630878033901
5821631050613569
6018870003953992
6018870006987419
6018870006990009
6018871013152096
6018871013378097
6018871025843872
6018871026786906
6018871027317297
6018871033951113
6018871038038544
6018871039648259
6018871045459402
6018871047748836
6294430010012426
6294430010053040
6294430010087006
6294430010355767
6294430010407139
6294430010437607
6294430010461466
6294430010510650
6294430010558477
6294430080104640
6294430192020155
6294430230003668
6294430230010044
6294430470015182
6294430470058075
6294430470086191
6294430470166373
6294431057001678
6294431057004888
4032160008642403
4147290014578374
4500030101655474
4504400004105719
4505530028634218
4506445139682577
4506445147688954
4506445239944521
4506445249204635
4506445265597284
4506445268921499
4506445278110257
4506445283927703
4506445289896928
4506445297561845
4506445299767424
4506445637981133
4506446011816549
4506446019179056
4506446020130338
4506446022404269
4506446022761874
4510140503290925
4510155018598810
4510157600475688
4510158301407202
4510158301513108
4510293000207593
4510841600405635
4512238761826964
4512708085709021
4514011801125715
4514076538220238
4519011184666488
4519011206034699
4519011237509784
4519011277778117
4519011282507766
4519011290772691
4519011302798544
4519011349588593
4519012038835741
4519014015550657
4519018634972937
4519018715095848
4519019076351309
4519019100501606
4519019109020145
4519019223026176
4519019224614053
4519019228331324
4519019257738068
4519019286917246
4519019302973124
4519019396829109
4519019451049254
4519019542025297
4519019560487148
4519019606642748
4519019649628498
4519019650458751
4519019695999504
4519019702630910
4519019819699592
4519019821599806
4519019879178123
4519028440485610
4519028447275782
4519029453138641
4520340006044187
4520340034562473
4520880001575040
4520880012870232
4530912525839012
4536057484768606
4536057488900601
4536057660420006
4536057676110104
4536057676125706
4536057678307005
4536057699225509
4536057718476307
4536057735460805
4536057743057403
4536057765403303
4536057816348200
4536058024545306
4536058048446804
4536058075088503
4536058087644608
4537041719557033
4537044256904014
4538014658012038
4538016286382014
4540330522416023
4761538566448213
5007660603661961
5007660655131988
5007660697328493
5007660705754011
5007660709387545
5007660710375141
5007660711905839
5007660712128688
5007660724271682
5007660731700301
5148793930002383
5177590031592237
5181271024174267
5181271029736789
5181271029828800
5181271033972529
5181271034900065
5181271034954740
5181271047304032
5181271062320293
5191230060201879
5191230079740826
5191230098065536
5191230120683330
5191230130564751
5191230131233570
5191230140081416
5191230140984346
5243371103494507
5268060501427744
5316313980003607
5316350470001865
5316350470014843
5316353930008611
5316353980122635
5316354140001974
5446120060405500
5457567374879604
5466410306804268
5466490105931215
5491981216942496
5821630012028668
5821630012042479
5821630017937863
5821630020227195
5821630042017467
5821630042066670
5821630047122031
5821630047124466
5821630047163837
5821630047170881
5821630047181987
5821630047186887
5821630077217628
5821630077264877
5821630086656279
5821630086675089
5821630086675881
5821630086677358
5821630117317727
5821630130176258
5821630157042854
5821630167702026
5821630167912377
5821630197248032
5821630197330145
5821630197376346
5821630197400930
5821630197431471
5821630282044031
5821630400070397
5821630471024273
5821630472014174
5821630472106939
5821630472131739
5821630477920524
5821630478276652
5821630478380066
5821630478392988
5821630478404080
5821630492002530
5821630536598014
5821630780498994
5821630787382324
5821630878033901
5821630957088198
5821631050653375
6018871004374469
6018871006171673
6018871008846439
6018871012102498
6018871022258371
6018871027541292
6018871044194737
6018871044948637
6018871047066205
6018871048738554
6018871049329247
6018871050767582
6294430010005016
6294430010012491
6294430010095710
6294430010192970
6294430010199538
6294430010205954
6294430010407741
6294430010426113
6294430010461466
6294430010491216
6294430010579572
6294430010757087
6294430080100069
6294430080295398
6294430470003048
6294430470023632
6294430470086191
6294430470090201
6294430470093528
6294430470099061
4397078140775544
4500030102059528
4500030104888486
4500030109066740
4504400017586087
4506445243355763
4506445279507881
4506445279508384
4506445280667799
4506445280872571
4506445293978894
4506445294365893
4506445296517145
4506445296570557
4506445300808852
4506445638954352
4506446021003724
4510140502425290
4514011606136727
4514090030813671
4514093603148871
4519011185171355
4519011220300753
4519011278062974
4519011279508710
4519011331967821
4519012035529552
4519012750985492
4519014000256567
4519014011803514
4519014022250234
4519018925672238
4519019096253782
4519019172236875
4519019254853852
4519019364149787
4519019404840585
4519019517985038
4519019697633663
4519019699933772
4519019776799500
4519019795839113
4519019813480890
4519019830658718
4519019830679359
4519019861686984
4519019864468471
4519028560946854
4520340034562473
4520710000715646
4520850013681318
4520880001627353
4536057447115705
4536057447888004
4536057558444605
4536057659293000
4536057719634300
4536057807399709
4536058064402103
4536079421192104
4537041827715036
4537060181564038
4537330961431017
4537331239688016
4538016876109017
4551210070358486
4677260100573645
5007660655130287
5007660670810954
5007660683370954
5007660707090752
5007660714225722
5007660724458354
5007660727397294
5007660730979393
5148793980025078
5181271006915174
5181271022449778
5181271027237970
5181271051635974
5181271084555413
5181271093340153
5191230099654577
5191230103199023
5191230105813852
5191230120507216
5191230120547964
5191230120955373
5243371100903765
5316353980096433
5316354020018874
5316354090015487
5438050619483692
5446091001447689
5446122109036734
5446122174854730
5446122615944959
5446122894434144
5452401246480356
5457568618669223
5491980635574237
5491981263927085
5610661465418002
5610661469666408
5821630012313409
5821630017912924
5821630018132399
5821630042012609
5821630070462734
5821630072000276
5821630077163970
5821630077186583
5821630077271260
5821630077304830
5821630086674132
5821630107107823
5821630130186190
5821630130205800
5821630197320039
5821630472012848
5821630477716773
5821630478043573
5821630478351943
5821630780572749
5821630780580114
6018870006569076
6018870006990009
6018871037552602
6018871042687302
6018871044768043
6018871045352839
6018871047451456
6018871048934625
6018871048934997
6018871049167332
6294430010100007
6294430010180017
6294430010187251
6294430010301944
6294430010520535
6294430010542554
6294430010573963
6294430010648625
6294430010682335
6294430010690577
6294430080062848
6294430080089296
6294430080136402
6294430080305478
6294430080351126
6294430080371835
6294430080372437
6294430100005462
6294430100018218
6294430470023343
6294430470025579
6294430470073447
6294430690073755
4397078140775544
4500030102059528
4500030104888486
4500030109066740
4504400017586087
4506445243355763
4506445279507881
4506445279508384
4506445280667799
4506445280872571
4506445293978894
4506445294365893
4506445296517145
4506445296570557
4506445300808852
4506445638954352
4506446021003724
4510140502425290
4514011606136727
4514090030813671
4514093603148871
4519011185171355
4519011220300753
4519011278062974
4519011279508710
4519011331967821
4519012035529552
4519012750985492
4519014000256567
4519014011803514
4519014022250234
4519018925672238
4519019096253782
4519019172236875
4519019254853852
4519019364149787
4519019404840585
4519019517985038
4519019697633663
4519019699933772
4519019776799500
4519019795839113
4519019813480890
4519019830658718
4519019830679359
4519019861686984
4519019864468471
4519028560946854
4520340034562473
4520710000715646
4520850013681318
4520880001627353
4536057447115705
4536057447888004
4536057558444605
4536057659293000
4536057719634300
4536057807399709
4536058064402103
4536079421192104
4537041827715036
4537060181564038
4537330961431017
4537331239688016
4538016876109017
4551210070358486
4677260100573645
5007660655130287
5007660670810954
5007660683370954
5007660707090752
5007660714225722
5007660724458354
5007660727397294
5007660730979393
5148793980025078
5181271006915174
5181271022449778
5181271027237970
5181271051635974
5181271084555413
5181271093340153
5191230099654577
5191230103199023
5191230105813852
5191230120507216
5191230120547964
5191230120955373
5243371100903765
5316353980096433
5316354020018874
5316354090015487
5438050619483692
5446091001447689
5446122109036734
5446122174854730
5446122615944959
5446122894434144
5452401246480356
5457568618669223
5491980635574237
5491981263927085
5610661465418002
5610661469666408
5821630012313409
5821630017912924
5821630018132399
5821630042012609
5821630070462734
5821630072000276
5821630077163970
5821630077186583
5821630077271260
5821630077304830
5821630086674132
5821630107107823
5821630130186190
5821630130205800
5821630197320039
5821630472012848
5821630477716773
5821630478043573
5821630478351943
5821630780572749
5821630780580114
6018870006569076
6018870006990009
6018871037552602
6018871042687302
6018871044768043
6018871045352839
6018871047451456
6018871048934625
6018871048934997
6018871049167332
6294430010100007
6294430010180017
6294430010187251
6294430010301944
6294430010520535
6294430010542554
6294430010573963
6294430010648625
6294430010682335
6294430010690577
6294430080062848
6294430080089296
6294430080136402
6294430080305478
6294430080351126
6294430080371835
6294430080372437
6294430100005462
6294430100018218
6294430470023343
6294430470025579
6294430470073447
6294430690073755
4500030001007644
4500030107616348
4500030108578448
4500030111511568
4500030112154053
4500037100291599
4500080007885733
4500600011310889
4500600031735024
4504400004098930
4506445169639232
4506445238539454
4506445244167274
4506445246818643
4506445251222301
4506445263662379
4506445272443670
4506445272626209
4506445283927703
4506445287706806
4506445287920654
4506445289896928
4506445290056009
4506445290599925
4506445299125904
4506445299381473
4506445636789305
4506445640493860
4506446019290721
4506446020129371
4506446020130221
4506446021507013
4506446022428375
4506446023349018
4506446460688019
4510157600253440
4510158009080707
4510158401729075
4510158401788675
4510294400247965
4512238603387217
4514011600762130
4514011602838276
4514011604658987
4514011606502001
4514011800805689
4514011801371186
4514078524176960
4514090026983819
4514090031503651
4514098508678948
4519011184108515
4519011200819715
4519011206424593
4519011207374656
4519011208544190
4519011224993538
4519011234998998
4519011264171870
4519011276456954
4519011285422898
4519011330196125
4519011337972585
4519011338067294
4519011340485948
4519011349975766
4519012753890053
4519018939270615
4519018948992779
4519019036247571
4519019055638056
4519019063588335
4519019071356774
4519019081906550
4519019085489108
4519019088816422
4519019142926936
4519019158221834
4519019247629252
4519019269131799
4519019280135159
4519019339883130
4519019365577358
4519019381697602
4519019404128106
4519019408358956
4519019419304890
4519019454258415
4519019473388854
4519019498012455
4519019498441126
4519019510662733
4519019550320325
4519019578163749
4519019601659671
4519019650458751
4519019654415955
4519019682284522
4519019688626569
4519019710133212
4519019743066645
4519019747666101
4519019760949871
4519019802057691
4519019823324138
4519019827261500
4519019847111925
4519019855924680
4519019874146877
4519019886376173
4519028594549690
4519029487087715
4519036573917101
4519036599914421
4519036694916230
4520850001880518
4520880001754355
4536057484807008
4536057601540201
4536057678326708
4536057712533103
4536057735469608
4536057865120104
4536057913966003
4536057954587106
4536058024540307
4536058024543905
4536079423339901
4537045323992023
4538020361528087
5007660670689937
5007660670769143
5007660684491692
5007660702808430
5007660704541823
5007660709171600
5007660710893846
5007660717098852
5007669022621696
5148794070000096
5181271012366339
5181271016458751
5181271021934028
5181271026856531
5181271029878631
5181271032146976
5181271033987352
5181271062185696
5191230063565379
5191230068284612
5191230088041885
5191230098972343
5191230101035039
5191230111700648
5191230115320484
5191230122348908
5191230122377774
5191230123102395
5191230123662760
5191230126079681
5191230131301625
5191230134777870
5191230143021336
5191230144294908
5191230145263936
5191230146667929
5191230147662812
5268051008996729
5316320470010141
5316324270025010
5316353980031356
5316354140001974
5316383980012643
5446120044284021
5446122600375300
5491398253310307
5491399611316291
5491980453875294
5491981289411049
5821630012340261
5821630012357265
5821630018171207
5821630047184809
5821630070328307
5821630070351333
5821630072000607
5821630077262442
5821630077300507
5821630086678661
5821630197295959
5821630197318850
5821630197403199
5821630400070397
5821630450027230
5821630470991795
5821630472019025
5821630472118066
5821630477777734
5821630478232267
5821630478244288
5821630478360357
5821630478365018
5821630478374697
5821630478400427
5821630667076228
5821630780420865
5821630780435251
5821631050600608
5821631050620556
5821631050635620
5821631050653375
5821631770236113
6018870006658655
6018871002419506
6018871009679144
6018871018106675
6018871029158624
6018871036785294
6018871037285153
6018871039526166
6018871041275679
6018871044946029
6018871045858587
6018871047066858
6018871049304877
6294430010009018
6294430010046564
6294430010119718
6294430010217801
6294430010238732
6294430010240142
6294430010295682
6294430010339290
6294430010354927
6294430010389923
6294430010414937
6294430010441112
6294430010461466
6294430010472729
6294430010520535
6294430010531011
6294430010568542
6294430010571074
6294430010648088
6294430010677574
6294430010692193
6294430010693944
6294430010739184
6294430030060017
6294430080055966
6294430080086672
6294430080092415
6294430080152375
6294430080228704
6294430080264949
6294430080288625
6294430080289821
6294430080294672
6294430080357669
6294430080369011
6294430100043174
6294430100052365
6294430192003581
6294430330044422
6294430450003075
6294430470002800
6294430470003964
6294430470015760
6294430470046799
6294430470082554
6294430470111114
6294430470171068
6294430690073755
4500030001007644
4500030107616348
4500030108578448
4500030111511568
4500030112154053
4500037100291599
4500080007885733
4500600011310889
4500600031735024
4504400004098930
4506445169639232
4506445238539454
4506445244167274
4506445246818643
4506445251222301
4506445263662379
4506445272443670
4506445272626209
4506445283927703
4506445287706806
4506445287920654
4506445289896928
4506445290056009
4506445290599925
4506445299125904
4506445299381473
4506445636789305
4506445640493860
4506446019290721
4506446020129371
4506446020130221
4506446021507013
4506446022428375
4506446023349018
4506446460688019
4510157600253440
4510158009080707
4510158401729075
4510158401788675
4510294400247965
4512238603387217
4514011600762130
4514011602838276
4514011604658987
4514011606502001
4514011800805689
4514011801371186
4514078524176960
4514090026983819
4514090031503651
4514098508678948
4519011184108515
4519011200819715
4519011206424593
4519011207374656
4519011208544190
4519011224993538
4519011234998998
4519011264171870
4519011276456954
4519011285422898
4519011330196125
4519011337972585
4519011338067294
4519011340485948
4519011349975766
4519012753890053
4519018939270615
4519018948992779
4519019036247571
4519019055638056
4519019063588335
4519019071356774
4519019081906550
4519019085489108
4519019088816422
4519019142926936
4519019158221834
4519019247629252
4519019269131799
4519019280135159
4519019339883130
4519019365577358
4519019381697602
4519019404128106
4519019408358956
4519019419304890
4519019454258415
4519019473388854
4519019498012455
4519019498441126
4519019510662733
4519019550320325
4519019578163749
4519019601659671
4519019650458751
4519019654415955
4519019682284522
4519019688626569
4519019710133212
4519019743066645
4519019747666101
4519019760949871
4519019802057691
4519019823324138
4519019827261500
4519019847111925
4519019855924680
4519019874146877
4519019886376173
4519028594549690
4519029487087715
4519036573917101
4519036599914421
4519036694916230
4520850001880518
4520880001754355
4536057484807008
4536057601540201
4536057678326708
4536057712533103
4536057735469608
4536057865120104
4536057913966003
4536057954587106
4536058024540307
4536058024543905
4536079423339901
4537045323992023
4538020361528087
5007660670689937
5007660670769143
5007660684491692
5007660702808430
5007660704541823
5007660709171600
5007660710893846
5007660717098852
5007669022621696
5148794070000096
5181271012366339
5181271016458751
5181271021934028
5181271026856531
5181271029878631
5181271032146976
5181271033987352
5181271062185696
5191230063565379
5191230068284612
5191230088041885
5191230098972343
5191230101035039
5191230111700648
5191230115320484
5191230122348908
5191230122377774
5191230123102395
5191230123662760
5191230126079681
5191230131301625
5191230134777870
5191230143021336
5191230144294908
5191230145263936
5191230146667929
5191230147662812
5268051008996729
5316320470010141
5316324270025010
5316353980031356
5316354140001974
5316383980012643
5446120044284021
5446122600375300
5491398253310307
5491399611316291
5491980453875294
5491981289411049
5821630012340261
5821630012357265
5821630018171207
5821630047184809
5821630070328307
5821630070351333
5821630072000607
5821630077262442
5821630077300507
5821630086678661
5821630197295959
5821630197318850
5821630197403199
5821630400070397
5821630450027230
5821630470991795
5821630472019025
5821630472118066
5821630477777734
5821630478232267
5821630478244288
5821630478360357
5821630478365018
5821630478374697
5821630478400427
5821630667076228
5821630780420865
5821630780435251
5821631050600608
5821631050620556
5821631050635620
5821631050653375
5821631770236113
6018870006658655
6018871002419506
6018871009679144
6018871018106675
6018871029158624
6018871036785294
6018871037285153
6018871039526166
6018871041275679
6018871044946029
6018871045858587
6018871047066858
6018871049304877
6294430010009018
6294430010046564
6294430010119718
6294430010217801
6294430010238732
6294430010240142
6294430010295682
6294430010339290
6294430010354927
6294430010389923
6294430010414937
6294430010441112
6294430010461466
6294430010472729
6294430010520535
6294430010531011
6294430010568542
6294430010571074
6294430010648088
6294430010677574
6294430010692193
6294430010693944
6294430010739184
6294430030060017
6294430080055966
6294430080086672
6294430080092415
6294430080152375
6294430080228704
6294430080264949
6294430080288625
6294430080289821
6294430080294672
6294430080357669
6294430080369011
6294430100043174
6294430100052365
6294430192003581
6294430330044422
6294430450003075
6294430470002800
6294430470003964
6294430470015760
6294430470046799
6294430470082554
6294430470111114
6294430470171068
6294430690073755
6018870006990009
6018871000891979
6018871002419506
6018871006171673
6018871008846439
6018871009679144
6018871013152096
6018871013378097
6018871016305949
6018871019496513
6018871020102324
6018871022258371
6018871023341028
6018871025843872
6018871026786906
6018871027317297
6018871027400846
6018871028097591
6018871029158624
6018871031319966
6018871037285153
6018871037286052
6018871037552602
6018871039526166
6018871039648259
6018871041275679
6018871044194737
6018871044575547
6018871044768043
6018871044854074
6018871045352839
6018871045458842
6018871045459402
6018871047066841
6018871047451456
6018871048934625
6018871049304877
6018871050767582
6018870000856222
6018870005383784
6018871006217617
6018871012103421
6018871013363735
6018871014192513
6018871016140312
6018871017792558
6018871018101452
6018871018437997
6018871018667296
6018871023340152
6018871023520399
6018871025473019
6018871025615551
6018871026529926
6018871027295436
6018871029393585
6018871029395762
6018871031318968
6018871031364665
6018871031365225
6018871033488991
6018871036095652
6018871037282267
6018871038097714
6018871038097771
6018871038099207
6018871038553674
6018871038694593
6018871038755402
6018871038756459
6018871038756673
6018871039720892
6018871039881777
6018871040745649
6018871041459786
6018871042301565
6018871043834051
6018871044209519
6018871044766765
6018871044768522
6018871044854512
6018871044855899
6018871044856434
6018871044858661
6018871045859429
6018871046110616
6018871047261707
6018871047453338
6018871048939038
6018871049709505
6018871049980239
6018871050065409
6018871050769836
4500030001143266
4500030102159138
4500030102649724
4500030103142950
4500030103213546
4500030104693373
4500030105673119
4500030105888162
4500030107925301
4500030108384359
4500030110393034
4500030110957911
4500030111200378
4500030111282822
4500030111723742
4500030112176122
4500033600958183
4500037000090307
4500037100046209
4500037100379733
4500080007994998
4500081314283018
4500087218207011
4500600002819260
4500600003470428
4500600005658533
4500600033017959
4500600034563621
4500600101346470
4500600104549070
4500600106696036
4500600642248011
4500615007158969
4500655003178736
4502310001432648
4502310001585619
4502310006891905
4502310008877829
4504400003980633
4504400004012857
4504400005727560
4504400017438263
4504400018167150
4504400019273858
4504400019548846
4504491593213014
4504491613706013
4504492082000011
4505530005270283
4505530023575119
4505530023951336
4505530024017194
4505530027908225
4505530028301883
4505530043218328
4505530063974206
4505530064628090
4505530065397281
4505530069736054
4506445120008857
4506445126972015
4506445139861015
4506445145296602
4506445170013435
4506445207938000
4506445210298707
4506445215432210
4506445219344197
4506445219350079
4506445223416031
4506445224489466
4506445229433873
4506445229438823
4506445230863159
4506445231569292
4506445232864254
4506445237977721
4506445238220980
4506445239337577
4506445240308559
4506445240559763
4506445241822459
4506445242681094
4506445244175020
4506445246816589
4506445249929843
4506445253251324
4506445254178831
4506445254178872
4506445256843556
4506445258047990
4506445258351798
4506445260059918
4506445260879794
4506445261680662
4506445261682122
4506445263587980
4506445263643569
4506445263836551
4506445263844662
4506445264791292
4506445265191294
4506445265331437
4506445265540839
4506445265784064
4506445265788008
4506445269324230
4506445269784904
4506445270181215
4506445270791096
4506445271517300
4506445272269067
4506445272444405
4506445272464767
4506445274893831
4506445277288542
4506445277343065
4506445277343404
4506445277864052
4506445278099070
4506445278100829
4506445278108764
4506445278468499
4506445279036857
4506445279538357
4506445279538365
4506445280156249
4506445280156405
4506445281818359
4506445282440823
4506445282964723
4506445283104121
4506445283174645
4506445283264743
4506445285007934
4506445285112841
4506445285118368
4506445285118772
4506445285248272
4506445285434955
4506445285564942
4506445285836043
4506445286314644
4506445286327430
4506445286415797
4506445286791957
4506445287619421
4506445287625279
4506445287774838
4506445287775538
4506445287922940
4506445288045238
4506445288841032
4506445289116269
4506445289895599
4506445289927137
4506445289928317
4506445290261385
4506445290342342
4506445290342565
4506445290451986
4506445290453768
4506445290600178
4506445290794856
4506445291176129
4506445291503223
4506445291608063
4506445291804035
4506445292304829
4506445292307210
4506445292309042
4506445292554498
4506445293571459
4506445293579361
4506445294567910
4506445295025777
4506445295228694
4506445295385155
4506445295810251
4506445295813925
4506445296164260
4506445296166539
4506445296167768
4506445296168964
4506445296169053
4506445296170119
4506445296518135
4506445296519570
4506445296704511
4506445297062166
4506445297457788
4506445298149210
4506445298430594
4506445298790278
4506445299046555
4506445299367787
4506445299687275
4506445299687861
4506445299764728
4506445299765394
4506445299765659
4506445299920254
4506445300142013
4506445300142120
4506445300142252
4506445300709498
4506445301016893
4506445301017651
4506445301018618
4506445301020515
4506445301659981
4506445301753941
4506445301902134
4506445302604192
4506445636478792
4506445636718213
4506445636776161
4506445636795096
4506445636870212
4506445636870394
4506445636903914
4506445636921676
4506445636923052
4506445636955351
4506445637979384
4506445638373785
4506445638658300
4506445638825347
4506445639343126
4506445639732377
4506445639883345
4506445640147631
4506445640422760
4506446009630464
4506446012203101
4506446015460393
4506446017401817
4506446018224283
4506446018293312
4506446018900783
4506446019891197
4506446020011892
4506446020203457
4506446021036476
4506446021547787
4506446021831157
4506446021864976
4506446021949496
4506446021969288
4506446022402305
4506446022432013
4506446022700997
4506446022717579
4506446022765982
4506446022973156
4506446022988055
4506446023280171
4506446023680875
4506446460511179
4506446460598960
4506446460634534
4506446460653120
4506446460987320
4506446461091924
4510140004834759
4510140503204124
4510140503464157
4510155010863865
4510155014846486
4510155015954099
4510155016801711
4510155016815794
4510155017729614
4510155017805430
4510155018464302
4510156011080178
4510156011640781
4510156011983033
4510156012069188
4510157600539707
4510157600585288
4510158102232510
4510158301608304
4510158401551578
4510158401607198
4510158401779799
4510190110303801
4510190110834144
4512106822154629
4512122024834033
4512238011097119
4512238011183703
4512238011635298
4512238500503551
4512238500662183
4512238500718514
4512238580023041
4512238603353102
4512238603692939
4512238608671938
4512238610743394
4512238612435619
4512238762096658
4514011602680363
4514011603955004
4514011606310686
4514011801119593
4514011801649847
4514011801780345
4514011801882604
4514075105123395
4514078525528078
4514090024528350
4514090031579339
4514093530664412
4514093530893540
4514093531149660
4514093531190599
4514093603452281
4514093604013223
4514098509547936
4515042000005357
4516076000652817
4519011185291559
4519011187943207
4519011188783966
4519011190412422
4519011198539846
4519011200468182
4519011201266858
4519011210055169
4519011210882232
4519011211462869
4519011212677283
4519011216932122
4519011219228353
4519011222478854
4519011224387400
4519011225474256
4519011232939879
4519011236098102
4519011240757636
4519011241755712
4519011247421236
4519011268905810
4519011271013271
4519011274057366
4519011275996786
4519011286432771
4519011291807660
4519011295237757
4519011297168174
4519011298052559
4519011300270488
4519011302227973
4519011308762619
4519011311809373
4519011312653242
4519011318971911
4519011321231428
4519011321622642
4519011328367019
4519011328785889
4519011329348372
4519011330213375
4519011334317677
4519011338490421
4519011343722750
4519011344895829
4519011347117049
4519011352888013
4519012032857964
4519012032885767
4519012032886674
4519012033676363
4519012038738077
4519012051444702
4519012753729772
4519014000188182
4519014002452701
4519014005204414
4519014010840335
4519014013874778
4519014014358623
4519014022040361
4519014022220047
4519016276653591
4519016398371866
4519016412583488
4519016422166001
4519016525879658
4519016791342472
4519017733017750
4519018025183169
4519018602265884
4519018623551049
4519018635825811
4519018637401223
4519018646822997
4519018660379718
4519018679599595
4519018682241557
4519018719505073
4519018730760954
4519018751179134
4519018759538042
4519018769247394
4519018774289878
4519018796408035
4519018901528461
4519018912355177
4519018917761304
4519018918168608
4519018920356761
4519018934698414
4519018935854636
4519018942766823
4519018943982965
4519018945330585
4519018947430201
4519018958065458
4519018980710220
4519018989693401
4519018990895367
4519018993968658
4519018995814090
4519019001874284
4519019005737008
4519019010605331
4519019011024839
4519019012230328
4519019028552046
4519019040988111
4519019041025301
4519019042933701
4519019047510132
4519019048086157
4519019048286476
4519019055170258
4519019076372198
4519019085659718
4519019089840652
4519019095373003
4519019104326570
4519019105591297
4519019114555416
4519019120284530
4519019123045409
4519019131185353
4519019139668004
4519019141968780
4519019146166778
4519019149523124
4519019156427060
4519019161409814
4519019167842752
4519019174854766
4519019178682916
4519019190814067
4519019200825830
4519019202015224
4519019210417867
4519019213922624
4519019216667721
4519019217885504
4519019219647894
4519019221134691
4519019224911889
4519019225190798
4519019226174023
4519019227065022
4519019235024136
4519019237453762
4519019237729583
4519019244454977
4519019248848109
4519019251993826
4519019256714979
4519019264905668
4519019266072848
4519019269755902
4519019280678182
4519019284583305
4519019298487865
4519019300241953
4519019302120551
4519019303419200
4519019315625166
4519019352630533
4519019356307989
4519019356582458
4519019361917665
4519019361998012
4519019364564092
4519019366055917
4519019371445178
4519019395219104
4519019400255887
4519019400305393
4519019401895251
4519019402973859
4519019403429182
4519019411497676
4519019412073260
4519019412516474
4519019418046278
4519019423192943
4519019425374655
4519019428580365
4519019431998026
4519019433045685
4519019437172980
4519019438502144
4519019439583630
4519019447698842
4519019451480624
4519019451497891
4519019455376299
4519019460366053
4519019465610810
4519019468938648
4519019477588012
4519019482497845
4519019486981547
4519019487152304
4519019488632536
4519019488758778
4519019489360343
4519019492624974
4519019499948913
4519019504737772
4519019506465216
4519019509302895
4519019518537952
4519019519810671
4519019522004759
4519019526056813
4519019530706122
4519019530763040
4519019533370785
4519019535600676
4519019539687166
4519019539759197
4519019544145879
4519019546693470
4519019557596000
4519019559464967
4519019560484095
4519019566252892
4519019570455861
4519019572349906
4519019576652768
4519019581314354
4519019582351942
4519019586024198
4519019586589406
4519019591462268
4519019595534880
4519019598566590
4519019604199840
4519019604453445
4519019612201000
4519019614712400
4519019616948176
4519019643432715
4519019647924691
4519019648445670
4519019650902857
4519019654401591
4519019655855084
4519019657230187
4519019678530524
4519019678971256
4519019679769949
4519019688589361
4519019691407304
4519019696483771
4519019701485084
4519019702611522
4519019702627700
4519019712943840
4519019734815679
4519019735676211
4519019737262010
4519019738914502
4519019745974374
4519019749890220
4519019754143689
4519019757091893
4519019763388069
4519019772526428
4519019777201506
4519019777956653
4519019783635473
4519019784895241
4519019785544830
4519019806285496
4519019810169421
4519019810472445
4519019812290654
4519019813152119
4519019813480064
4519019816061069
4519019822846065
4519019827726593
4519019832240804
4519019832493502
4519019837392105
4519019837733423
4519019838002851
4519019838154652
4519019841231257
4519019843107711
4519019846584353
4519019850368214
4519019850579349
4519019851450441
4519019854904162
4519019860508544
4519019868246394
4519019869219481
4519019874272830
4519019879372247
4519019879700272
4519019879784185
4519019885473948
4519019888225089
4519019889913113
4519019892124518
4519024533498966
4519025288354320
4519028050665451
4519028097945890
4519028440485610
4519028502069542
4519029487087715
4519032905518527
4519032927468313
4519036646737536
4519036767285877
4519036804259497
4519036999008097
4520010031489729
4520010032429435
4520018009232765
4520018009782785
4520050021320146
4520340000920226
4520340003437749
4520340032906078
4520340033319321
4520340033331599
4520340033409957
4520340033799704
4520340035352270
4520830002318924
4520880000161784
4520880000338374
4520880000788156
4520880011619333
4520880012224877
4520880014197576
4520880014426470
4530911768774035
4535108446817014
4535110386373016
4535117358508032
4536057447056602
4536057447284709
4536057447296208
4536057447355509
4536057447794905
4536057448021308
4536057448208608
4536057448287305
4536057448292008
4536057490958100
4536057490979700
4536057492029009
4536057493823806
4536057498403406
4536057512416806
4536057516703100
4536057528244705
4536057533485806
4536057541831504
4536057550233402
4536057557163206
4536057557215402
4536057570617006
4536057578641909
4536057578654308
4536057578679107
4536057578688207
4536057578688306
4536057578718608
4536057579632709
4536057584569300
4536057595123006
4536057601540904
4536057602896305
4536057618108109
4536057618118900
4536057640144700
4536057657343807
4536057659399500
4536057660323903
4536057678316105
4536057692859502
4536057710920906
4536057712540504
4536057712544001
4536057719641800
4536057727536109
4536057727548401
4536057737682000
4536057745080007
4536057750036506
4536057767267607
4536057767275006
4536057767307502
4536057767318301
4536057779086706
4536057807391607
4536057839515405
4536057842343001
4536057842351707
4536057842352903
4536057848011107
4536057849085001
4536057855024001
4536057872037804
4536057874247005
4536057878343503
4536057884031506
4536057884230108
4536057885049408
4536057891154507
4536057892852604
4536057894028708
4536057894842801
4536057897025602
4536057900126900
4536057900860003
4536057908689701
4536057910436208
4536057911160500
4536057912295800
4536057913863309
4536057913965104
4536057920960809
4536057925655206
4536057934838702
4536057935833108
4536057936934202
4536057939598608
4536057942298907
4536057942326401
4536057942768800
4536057942770806
4536057944238109
4536057949397702
4536057953587008
4536057954143108
4536057960524606
4536057960548902
4536057984326103
4536057985650808
4536058011686204
4536058011703207
4536058011734509
4536058011736405
4536058011961201
4536058012014000
4536058012018100
4536058020130608
4536058024680905
4536058031704508
4536058032151402
4536058032697909
4536058035898801
4536058035899601
4536058035901506
4536058048956406
4536058051409004
4536058058156905
4536058064410502
4536058066376404
4536058066384200
4536058067036007
4536058067040801
4536058067044001
4536058070367605
4536058072966503
4536058075087307
4536058076608804
4536058078024901
4536058080024501
4536058080026100
4536058081046305
4536058083883804
4536058083900509
4536058083902703
4536058090555106
4536058096761906
4536058096808608
4536058112711505
4536079418926803
4536079420889809
4536079423374007
4536079424368404
4536079424534104
4536079425952206
4536079426186804
4536079427385801
4536079427938708
4536079428421308
4537043196853026
4537043968137012
4537044460290028
4537044505334062
4537045503510017
4537045641658017
4537067311503026
4537331334349019
4538015583516043
4538017222188010
4538017310215139
4538106416220059
4540023591368239
4551211005013568
4715360001154489
4715360001370267
4715360001491881
4999775875131759
5007660066274088
5007660090266365
5007660628660030
5007660636072343
5007660641881795
5007660642907821
5007660644172705
5007660645184550
5007660654925786
5007660663226218
5007660664104745
5007660664639286
5007660665865187
5007660668521886
5007660669089859
5007660670179228
5007660670180077
5007660670993875
5007660672925420
5007660672925792
5007660675249133
5007660675285053
5007660676601050
5007660680528463
5007660683331808
5007660691566072
5007660691743176
5007660695367865
5007660701381918
5007660702754931
5007660702769590
5007660702787329
5007660702806137
5007660702823256
5007660704518664
5007660704688699
5007660704689994
5007660705754011
5007660709150851
5007660711887474
5007660711897770
5007660711905839
5007660712073314
5007660712814550
5007660717070802
5007660717072162
5007660718253472
5007660718255626
5007660718256723
5007660718261491
5007660720311672
5007660721179359
5007660721379199
5007660722340422
5007660723481829
5007660725325172
5007660726394680
5007660726395109
5007660726658274
5007660726662532
5007660727151188
5007660728212831
5007660728359483
5007660729021900
5007660729202724
5007660729204423
5007660729205982
5007660730979047
5007660730985903
5007660731586148
5007660732827475
5007660732835478
5007660732898310
5007660732898823
5007660732899474
5007660733274768
5007660733277290
5007660733608049
5007660734221610
5007660734222543
5007660734223533
5007660734223830
5007660734351557
5007660734352274
5007660734433397
5007660736266829
5007660737088446
5007666010120921
5148793930002680
5148793980037289
5148794070000096
5181271016844885
5181271022580085
5181271024995604
5181271025361749
5181271025370930
5181271028701909
5181271034614815
5181271034816261
5181271037896765
5181271038098049
5181271042439239
5181271045551378
5181271047818171
5181271048614645
5181271050901575
5181271072004531
5181271074443083
5181271080771352
5181271082824720
5181271083098704
5181271084488441
5181271089996000
5191230031169189
5191230041487100
5191230053135803
5191230060975357
5191230066521254
5191230075915034
5191230080698625
5191230086249829
5191230090505539
5191230091008376
5191230092613018
5191230095736691
5191230099068075
5191230100161638
5191230101950302
5191230110463453
5191230116315632
5191230118724096
5191230119624287
5191230122447627
5191230122929855
5191230127027754
5191230128806230
5191230129924628
5191230130169817
5191230130489769
5191230130695084
5191230131868144
5191230132692105
5191230133768227
5191230134378414
5191230138769634
5191230140664450
5191230142612317
5191230142649327
5191230142661454
5191230143410034
5191230143604438
5191230143821545
5316320210024709
5316323660021613
5316323980046100
5316323980081180
5316323980093508
5316323980094316
5316324270015029
5316353610065196
5316353610147895
5316353660015414
5316353700031918
5316360470006129
5316383930000789
5316383980005100
5316393700004663
5316393980010752
5316399920050154
6018870000856222
6018870005383784
6018871006217617
6018871012103421
6018871013363735
6018871014192513
6018871016140312
6018871017792558
6018871018101452
6018871018437997
6018871018667296
6018871023340152
6018871023520399
6018871025473019
6018871025615551
6018871026529926
6018871027295436
6018871029393585
6018871029395762
6018871031318968
6018871031364665
6018871031365225
6018871033488991
6018871036095652
6018871037282267
6018871038097714
6018871038097771
6018871038099207
6018871038553674
6018871038694593
6018871038755402
6018871038756459
6018871038756673
6018871039720892
6018871039881777
6018871040745649
6018871041459786
6018871042301565
6018871043834051
6018871044209519
6018871044766765
6018871044768522
6018871044854512
6018871044855899
6018871044856434
6018871044858661
6018871045859429
6018871046110616
6018871047261707
6018871047453338
6018871048191192
6018871048939038
6018871049709505
6018871049980239
6018871050065409
6018871050769836
4500030100033657
4500030102541046
4500030105608008
4500030110549098
4504400019691257
4505500025075863
4505500025099301
4505530006523003
4505530025574417
4505530029464045
4505530069717385
4510156010054802
4510157600540507
4510158301492949
4510412566766020
4510841002957399
4514011607449970
4514011801201912
4514078524916803
4514090031380076
4520010031201314
4520010034181836
4520020020781879
4520050010014874
4520340009389639
4520340013781938
4520340014292323
4520848002428683
4520850012915618
4520880011837216
4520880011950357
4520880012240295
4537060587133016
4789010011954045
4789010012958607
4789011100195987
5148790090064625
5148796030013234
5181271002948195
5181271022922584
5181271026731049
5181271033069110
5181271041790814
5181271050893772
5181271052471726
5181271053877913
5181271073056340
5181271086064547
5181271086216402
5191230013097150
5191230063034046
5191230100598524
5191230107785959
5191230124815201
5191230137049798
5191230142124107
5191230144062024
5191230144333284
5191230145468170
5191230145638475
5191230149790835
5191230152939519
5191230153242277
5193984001469585
5228790014522651
5228790014686589
5243371604014671
5434400681624307
5434404745019934
5446122175325110
5446122399434151
5491980975853225
5491981316149083
5491981367038359
5491981448196515